#Layer_Color=16711935
#
#Feature symbol names
#
$0 r3.937

#
#Feature attribute names
#

#
#Layer features
#
A 0.5747244 1.3466929 0.5747244 1.3466929 0.5550394 1.3466929 0 P 0 N
L 0.1179134 0.2062598 0.1179134 0.3637401 0 P 0
L 0.1179134 0.2062598 0.2320866 0.2062598 0 P 0
L 0.1179134 0.3637401 0.2320866 0.3637401 0 P 0
L 0.1291733 0.5543307 0.1291733 0.5956693 0 P 0
L 0.1291733 0.5543307 0.1508268 0.5543307 0 P 0
L 0.1291733 0.5956693 0.1508268 0.5956693 0 P 0
L 0.138189 1.7540945 0.138189 1.7974016 0 P 0
L 0.138189 1.7540945 0.161811 1.7540945 0 P 0
L 0.138189 1.7974016 0.161811 1.7974016 0 P 0
L 0.1443307 0.4141732 0.1443307 0.4358267 0 P 0
L 0.1443307 0.4141732 0.1856693 0.4141732 0 P 0
L 0.1443307 0.4358267 0.1856693 0.4358267 0 P 0
L 0.1508268 0.5543307 0.1508268 0.5956693 0 P 0
L 0.161811 1.7540945 0.161811 1.7974016 0 P 0
L 0.1741733 0.4893307 0.1741733 0.5306693 0 P 0
L 0.1741733 0.4893307 0.1958268 0.4893307 0 P 0
L 0.1741733 0.5306693 0.1958268 0.5306693 0 P 0
L 0.1856693 0.4141732 0.1856693 0.4358267 0 P 0
L 0.1958268 0.4893307 0.1958268 0.5306693 0 P 0
L 0.2041733 0.4893307 0.2041733 0.5306693 0 P 0
L 0.2041733 0.4893307 0.2258268 0.4893307 0 P 0
L 0.2041733 0.5306693 0.2258268 0.5306693 0 P 0
L 0.2112992 1.7581102 0.2112992 1.8270079 0 P 0
L 0.2112992 1.7581102 0.2487008 1.7581102 0 P 0
L 0.2112992 1.8270079 0.2487008 1.8270079 0 P 0
L 0.2258268 0.4893307 0.2258268 0.5306693 0 P 0
L 0.2320866 0.2062598 0.2320866 0.3637401 0 P 0
L 0.2443307 0.4841732 0.2443307 0.5058267 0 P 0
L 0.2443307 0.4841732 0.2856693 0.4841732 0 P 0
L 0.2443307 0.5058267 0.2856693 0.5058267 0 P 0
L 0.2487008 1.7581102 0.2487008 1.8270079 0 P 0
L 0.2691732 0.5593307 0.2691732 0.6006693 0 P 0
L 0.2691732 0.5593307 0.2908267 0.5593307 0 P 0
L 0.2691732 0.6006693 0.2908267 0.6006693 0 P 0
L 0.2741733 1.2593307 0.2741733 1.3006693 0 P 0
L 0.2741733 1.2593307 0.2958268 1.2593307 0 P 0
L 0.2741733 1.3006693 0.2958268 1.3006693 0 P 0
L 0.2762991 1.7581102 0.2762991 1.8270079 0 P 0
L 0.2762991 1.7581102 0.3137007 1.7581102 0 P 0
L 0.2762991 1.8270079 0.3137007 1.8270079 0 P 0
L 0.2856693 0.4841732 0.2856693 0.5058267 0 P 0
L 0.2908267 0.5593307 0.2908267 0.6006693 0 P 0
L 0.2958268 1.2593307 0.2958268 1.3006693 0 P 0
L 0.3137007 1.7581102 0.3137007 1.8270079 0 P 0
L 0.3290945 0.498189 0.3290945 0.521811 0 P 0
L 0.3290945 0.498189 0.3724016 0.498189 0 P 0
L 0.3290945 0.521811 0.3724016 0.521811 0 P 0
L 0.3290945 0.543189 0.3290945 0.566811 0 P 0
L 0.3290945 0.543189 0.3724016 0.543189 0 P 0
L 0.3290945 0.566811 0.3724016 0.566811 0 P 0
L 0.3290945 0.588189 0.3290945 0.611811 0 P 0
L 0.3290945 0.588189 0.3724016 0.588189 0 P 0
L 0.3290945 0.611811 0.3724016 0.611811 0 P 0
L 0.333189 1.4933464 0.333189 1.5366535 0 P 0
L 0.333189 1.4933464 0.356811 1.4933464 0 P 0
L 0.333189 1.5366535 0.356811 1.5366535 0 P 0
L 0.338189 1.3233465 0.338189 1.3666536 0 P 0
L 0.338189 1.3233465 0.361811 1.3233465 0 P 0
L 0.338189 1.3666536 0.361811 1.3666536 0 P 0
L 0.338189 1.7633465 0.338189 1.8066536 0 P 0
L 0.338189 1.7633465 0.361811 1.7633465 0 P 0
L 0.338189 1.8066536 0.361811 1.8066536 0 P 0
L 0.3383464 1.218189 0.3383464 1.241811 0 P 0
L 0.3383464 1.218189 0.3816535 1.218189 0 P 0
L 0.3383464 1.241811 0.3816535 1.241811 0 P 0
L 0.356811 1.4933464 0.356811 1.5366535 0 P 0
L 0.361811 1.3233465 0.361811 1.3666536 0 P 0
L 0.361811 1.7633465 0.361811 1.8066536 0 P 0
L 0.3724016 0.498189 0.3724016 0.521811 0 P 0
L 0.3724016 0.543189 0.3724016 0.566811 0 P 0
L 0.3724016 0.588189 0.3724016 0.611811 0 P 0
L 0.3812993 1.4655511 0.3812993 1.5344488 0 P 0
L 0.3812993 1.4655511 0.4187009 1.4655511 0 P 0
L 0.3812993 1.5344488 0.4187009 1.5344488 0 P 0
L 0.3816535 1.218189 0.3816535 1.241811 0 P 0
L 0.3862991 1.2924016 0.3862991 1.3612993 0 P 0
L 0.3862991 1.2924016 0.4237007 1.2924016 0 P 0
L 0.3862991 1.3612993 0.4237007 1.3612993 0 P 0
L 0.3912991 1.7581102 0.3912991 1.8270079 0 P 0
L 0.3912991 1.7581102 0.4287007 1.7581102 0 P 0
L 0.3912991 1.8270079 0.4287007 1.8270079 0 P 0
L 0.4187009 1.4655511 0.4187009 1.5344488 0 P 0
L 0.4237007 1.2924016 0.4237007 1.3612993 0 P 0
L 0.4287007 1.7581102 0.4287007 1.8270079 0 P 0
L 0.4305512 1.2112993 0.4305512 1.2487009 0 P 0
L 0.4305512 1.2112993 0.4994489 1.2112993 0 P 0
L 0.4305512 1.2487009 0.4994489 1.2487009 0 P 0
L 0.4462993 1.4655511 0.4462993 1.5344488 0 P 0
L 0.4462993 1.4655511 0.4837009 1.4655511 0 P 0
L 0.4462993 1.5344488 0.4837009 1.5344488 0 P 0
L 0.4562991 1.2938977 0.4562991 1.3627954 0 P 0
L 0.4562991 1.2938977 0.4937007 1.2938977 0 P 0
L 0.4562991 1.3627954 0.4937007 1.3627954 0 P 0
L 0.4562991 1.7581102 0.4562991 1.8270079 0 P 0
L 0.4562991 1.7581102 0.4937007 1.7581102 0 P 0
L 0.4562991 1.8270079 0.4937007 1.8270079 0 P 0
L 0.4665355 0.4739764 0.4665355 0.5960236 0 P 0
L 0.4665355 0.4739764 0.5334646 0.4739764 0 P 0
L 0.4665355 0.5960236 0.5334646 0.5960236 0 P 0
L 0.4837009 1.4655511 0.4837009 1.5344488 0 P 0
L 0.4937007 1.2938977 0.4937007 1.3627954 0 P 0
L 0.4937007 1.7581102 0.4937007 1.8270079 0 P 0
L 0.4994489 1.2112993 0.4994489 1.2487009 0 P 0
L 0.5196063 1.3112598 0.5196063 1.4687401 0 P 0
L 0.5196063 1.3112598 0.7203937 1.3112598 0 P 0
L 0.5196063 1.4687401 0.7203937 1.4687401 0 P 0
L 0.5334646 0.4739764 0.5334646 0.5960236 0 P 0
L 0.5364961 1.581496 0.5364961 1.7685039 0 P 0
L 0.5364961 1.581496 0.723504 1.581496 0 P 0
L 0.5364961 1.7685039 0.723504 1.7685039 0 P 0
L 0.5841732 1.1866142 0.5841732 1.2279528 0 P 0
L 0.5841732 1.1866142 0.6058267 1.1866142 0 P 0
L 0.5841732 1.2279528 0.6058267 1.2279528 0 P 0
L 0.6058267 1.1866142 0.6058267 1.2279528 0 P 0
L 0.6283464 0.428189 0.6283464 0.451811 0 P 0
L 0.6283464 0.428189 0.6716535 0.428189 0 P 0
L 0.6283464 0.451811 0.6716535 0.451811 0 P 0
L 0.6290945 0.533189 0.6290945 0.556811 0 P 0
L 0.6290945 0.533189 0.6724016 0.533189 0 P 0
L 0.6290945 0.556811 0.6724016 0.556811 0 P 0
L 0.6290945 0.578189 0.6290945 0.601811 0 P 0
L 0.6290945 0.578189 0.6724016 0.578189 0 P 0
L 0.6290945 0.601811 0.6724016 0.601811 0 P 0
L 0.6291732 1.1866142 0.6291732 1.2279528 0 P 0
L 0.6291732 1.1866142 0.6508267 1.1866142 0 P 0
L 0.6291732 1.2279528 0.6508267 1.2279528 0 P 0
L 0.6293307 0.4691733 0.6293307 0.4908268 0 P 0
L 0.6293307 0.4691733 0.6706693 0.4691733 0 P 0
L 0.6293307 0.4908268 0.6706693 0.4908268 0 P 0
L 0.6429134 0.6512598 0.6429134 0.8087401 0 P 0
L 0.6429134 0.6512598 0.7570866 0.6512598 0 P 0
L 0.6429134 0.8087401 0.7570866 0.8087401 0 P 0
L 0.6429134 0.9662599 0.6429134 1.1237402 0 P 0
L 0.6429134 0.9662599 0.7570866 0.9662599 0 P 0
L 0.6429134 1.1237402 0.7570866 1.1237402 0 P 0
L 0.6508267 1.1866142 0.6508267 1.2279528 0 P 0
L 0.6629134 0.2062598 0.6629134 0.3637401 0 P 0
L 0.6629134 0.2062598 0.7770866 0.2062598 0 P 0
L 0.6629134 0.3637401 0.7770866 0.3637401 0 P 0
L 0.6641733 0.8670473 0.6641733 0.9083859 0 P 0
L 0.6641733 0.8670473 0.6858268 0.8670473 0 P 0
L 0.6641733 0.9083859 0.6858268 0.9083859 0 P 0
L 0.6691733 1.1866142 0.6691733 1.2279528 0 P 0
L 0.6691733 1.1866142 0.6908268 1.1866142 0 P 0
L 0.6691733 1.2279528 0.6908268 1.2279528 0 P 0
L 0.6706693 0.4691733 0.6706693 0.4908268 0 P 0
L 0.6716535 0.428189 0.6716535 0.451811 0 P 0
L 0.6724016 0.533189 0.6724016 0.556811 0 P 0
L 0.6724016 0.578189 0.6724016 0.601811 0 P 0
L 0.6858268 0.8670473 0.6858268 0.9083859 0 P 0
L 0.6908268 1.1866142 0.6908268 1.2279528 0 P 0
L 0.7203937 1.3112598 0.7203937 1.4687401 0 P 0
L 0.723504 1.581496 0.723504 1.7685039 0 P 0
L 0.7241733 0.8693307 0.7241733 0.9106693 0 P 0
L 0.7241733 0.8693307 0.7458268 0.8693307 0 P 0
L 0.7241733 0.9106693 0.7458268 0.9106693 0 P 0
L 0.7262993 1.4955511 0.7262993 1.5644488 0 P 0
L 0.7262993 1.4955511 0.7637009 1.4955511 0 P 0
L 0.7262993 1.5644488 0.7637009 1.5644488 0 P 0
L 0.7458268 0.8693307 0.7458268 0.9106693 0 P 0
L 0.7570866 0.6512598 0.7570866 0.8087401 0 P 0
L 0.7570866 0.9662599 0.7570866 1.1237402 0 P 0
L 0.7637009 1.4955511 0.7637009 1.5644488 0 P 0
L 0.7770866 0.2062598 0.7770866 0.3637401 0 P 0
