#Layer_Color=9474304
#
#Feature symbol names
#
$0 r6.6666
$1 r4
$2 r5

#
#Feature attribute names
#

#
#Layer features
#
A 0.29192 0.20699 0.29192 0.20699 0.27992 0.20699 1 P 0 N
A 0.29992 0.20699 0.29992 0.20699 0.27992 0.20699 0 P 0 N
A 0.63208 0.20699 0.63208 0.20699 0.62008 0.20699 1 P 0 N
A 0.64008 0.20699 0.64008 0.20699 0.62008 0.20699 0 P 0 N
L 0.1238386 1.8539139 0.1438386 1.8139139 2 P 0
L 0.1238386 1.8539139 0.1638386 1.8539139 2 P 0
L 0.125 1.29 0.125 1.33 2 P 0
L 0.125 1.29 0.165 1.29 2 P 0
L 0.125 1.33 0.165 1.33 2 P 0
L 0.125 1.54 0.125 1.58 2 P 0
L 0.125 1.54 0.165 1.54 2 P 0
L 0.125 1.58 0.165 1.58 2 P 0
L 0.1318386 1.8459139 0.1438386 1.8219139 2 P 0
L 0.1318386 1.8459139 0.1558386 1.8459139 2 P 0
L 0.135 1.69 0.155 1.65 2 P 0
L 0.135 1.69 0.175 1.69 2 P 0
L 0.14 0.475 0.16 0.435 2 P 0
L 0.14 0.475 0.18 0.475 2 P 0
L 0.143 1.682 0.155 1.658 2 P 0
L 0.143 1.682 0.167 1.682 2 P 0
L 0.1438386 1.8139139 0.1638386 1.8539139 2 P 0
L 0.1438386 1.8219139 0.1558386 1.8459139 2 P 0
L 0.148 0.467 0.16 0.443 2 P 0
L 0.148 0.467 0.172 0.467 2 P 0
L 0.15 0.32 0.17 0.28 2 P 0
L 0.15 0.32 0.19 0.32 2 P 0
L 0.15 0.645 0.17 0.605 2 P 0
L 0.15 0.645 0.19 0.645 2 P 0
L 0.155 0.2233071 0.175 0.1833071 2 P 0
L 0.155 0.2233071 0.195 0.2233071 2 P 0
L 0.155 1.315 0.155 1.355 2 P 0
L 0.155 1.315 0.195 1.315 2 P 0
L 0.155 1.355 0.195 1.355 2 P 0
L 0.155 1.65 0.175 1.69 2 P 0
L 0.155 1.658 0.167 1.682 2 P 0
L 0.158 0.312 0.17 0.288 2 P 0
L 0.158 0.312 0.182 0.312 2 P 0
L 0.158 0.637 0.17 0.613 2 P 0
L 0.158 0.637 0.182 0.637 2 P 0
L 0.16 0.435 0.18 0.475 2 P 0
L 0.16 0.443 0.172 0.467 2 P 0
L 0.16 1.205 0.16 1.245 2 P 0
L 0.16 1.205 0.2 1.205 2 P 0
L 0.16 1.245 0.2 1.245 2 P 0
L 0.163 0.2153071 0.175 0.1913071 2 P 0
L 0.163 0.2153071 0.187 0.2153071 2 P 0
L 0.165 1.29 0.165 1.33 2 P 0
L 0.165 1.54 0.165 1.58 2 P 0
L 0.17 0.28 0.19 0.32 2 P 0
L 0.17 0.288 0.182 0.312 2 P 0
L 0.17 0.605 0.19 0.645 2 P 0
L 0.17 0.613 0.182 0.637 2 P 0
L 0.17 1.035 0.19 0.995 2 P 0
L 0.17 1.035 0.21 1.035 2 P 0
L 0.17 1.665 0.19 1.625 2 P 0
L 0.17 1.665 0.21 1.665 2 P 0
L 0.17 1.745 0.19 1.705 2 P 0
L 0.17 1.745 0.21 1.745 2 P 0
L 0.17 1.79 0.19 1.75 2 P 0
L 0.17 1.79 0.21 1.79 2 P 0
L 0.1712709 0.9894328 0.1912709 0.9494328 2 P 0
L 0.1712709 0.9894328 0.2112709 0.9894328 2 P 0
L 0.1730221 0.92 0.1930221 0.88 2 P 0
L 0.1730221 0.92 0.2130221 0.92 2 P 0
L 0.175 0.1833071 0.195 0.2233071 2 P 0
L 0.175 0.1913071 0.187 0.2153071 2 P 0
L 0.175 0.885 0.195 0.845 2 P 0
L 0.175 0.885 0.215 0.885 2 P 0
L 0.178 1.027 0.19 1.003 2 P 0
L 0.178 1.027 0.202 1.027 2 P 0
L 0.178 1.657 0.19 1.633 2 P 0
L 0.178 1.657 0.202 1.657 2 P 0
L 0.178 1.737 0.19 1.713 2 P 0
L 0.178 1.737 0.202 1.737 2 P 0
L 0.178 1.782 0.19 1.758 2 P 0
L 0.178 1.782 0.202 1.782 2 P 0
L 0.1792709 0.9814328 0.1912709 0.9574328 2 P 0
L 0.1792709 0.9814328 0.2032709 0.9814328 2 P 0
L 0.18 0.7876999 0.2 0.7476999 2 P 0
L 0.18 0.7876999 0.22 0.7876999 2 P 0
L 0.18 0.82 0.2 0.78 2 P 0
L 0.18 0.82 0.22 0.82 2 P 0
L 0.1810221 0.912 0.1930221 0.888 2 P 0
L 0.1810221 0.912 0.2050221 0.912 2 P 0
L 0.183 0.877 0.195 0.853 2 P 0
L 0.183 0.877 0.207 0.877 2 P 0
L 0.185 0.755 0.205 0.715 2 P 0
L 0.185 0.755 0.225 0.755 2 P 0
L 0.185 1.065 0.205 1.025 2 P 0
L 0.185 1.065 0.225 1.065 2 P 0
L 0.185 1.109355 0.205 1.069355 2 P 0
L 0.185 1.109355 0.225 1.109355 2 P 0
L 0.188 0.7796999 0.2 0.7556999 2 P 0
L 0.188 0.7796999 0.212 0.7796999 2 P 0
L 0.188 0.812 0.2 0.788 2 P 0
L 0.188 0.812 0.212 0.812 2 P 0
L 0.19 0.995 0.21 1.035 2 P 0
L 0.19 1.003 0.202 1.027 2 P 0
L 0.19 1.625 0.21 1.665 2 P 0
L 0.19 1.633 0.202 1.657 2 P 0
L 0.19 1.705 0.21 1.745 2 P 0
L 0.19 1.713 0.202 1.737 2 P 0
L 0.19 1.75 0.21 1.79 2 P 0
L 0.19 1.758 0.202 1.782 2 P 0
L 0.1912709 0.9494328 0.2112709 0.9894328 2 P 0
L 0.1912709 0.9574328 0.2032709 0.9814328 2 P 0
L 0.193 0.747 0.205 0.723 2 P 0
L 0.193 0.747 0.217 0.747 2 P 0
L 0.193 1.057 0.205 1.033 2 P 0
L 0.193 1.057 0.217 1.057 2 P 0
L 0.193 1.101355 0.205 1.077355 2 P 0
L 0.193 1.101355 0.217 1.101355 2 P 0
L 0.1930221 0.88 0.2130221 0.92 2 P 0
L 0.1930221 0.888 0.2050221 0.912 2 P 0
L 0.195 0.845 0.215 0.885 2 P 0
L 0.195 0.853 0.207 0.877 2 P 0
L 0.195 1.315 0.195 1.355 2 P 0
L 0.2 0.7476999 0.22 0.7876999 2 P 0
L 0.2 0.7556999 0.212 0.7796999 2 P 0
L 0.2 0.78 0.22 0.82 2 P 0
L 0.2 0.788 0.212 0.812 2 P 0
L 0.2 1.205 0.2 1.245 2 P 0
L 0.2011575 1.33 0.2011575 1.37 2 P 0
L 0.2011575 1.33 0.2411575 1.33 2 P 0
L 0.2011575 1.37 0.2411575 1.37 2 P 0
L 0.2011575 1.3803136 0.2011575 1.4203136 2 P 0
L 0.2011575 1.3803136 0.2411575 1.3803136 2 P 0
L 0.2011575 1.4203136 0.2411575 1.4203136 2 P 0
L 0.205 0.715 0.225 0.755 2 P 0
L 0.205 0.723 0.217 0.747 2 P 0
L 0.205 0.845 0.225 0.805 2 P 0
L 0.205 0.845 0.245 0.845 2 P 0
L 0.205 1.025 0.225 1.065 2 P 0
L 0.205 1.033 0.217 1.057 2 P 0
L 0.205 1.069355 0.225 1.109355 2 P 0
L 0.205 1.077355 0.217 1.101355 2 P 0
L 0.2090221 0.9234889 0.2290221 0.8834889 2 P 0
L 0.2090221 0.9234889 0.2490221 0.9234889 2 P 0
L 0.213 0.837 0.225 0.813 2 P 0
L 0.213 0.837 0.237 0.837 2 P 0
L 0.2170221 0.9154889 0.2290221 0.8914889 2 P 0
L 0.2170221 0.9154889 0.2410221 0.9154889 2 P 0
L 0.2241575 1 0.2441575 0.96 2 P 0
L 0.2241575 1 0.2641575 1 2 P 0
L 0.225 0.805 0.245 0.845 2 P 0
L 0.225 0.813 0.237 0.837 2 P 0
L 0.225 1.065 0.225 1.105 2 P 0
L 0.225 1.065 0.265 1.065 2 P 0
L 0.225 1.105 0.265 1.105 2 P 0
L 0.2290221 0.8834889 0.2490221 0.9234889 2 P 0
L 0.2290221 0.8914889 0.2410221 0.9154889 2 P 0
L 0.23 1.215 0.23 1.255 2 P 0
L 0.23 1.215 0.27 1.215 2 P 0
L 0.23 1.255 0.27 1.255 2 P 0
L 0.23 1.715 0.25 1.675 2 P 0
L 0.23 1.715 0.27 1.715 2 P 0
L 0.2321575 0.992 0.2441575 0.968 2 P 0
L 0.2321575 0.992 0.2561575 0.992 2 P 0
L 0.2366575 1.58 0.2366575 1.62 2 P 0
L 0.2366575 1.58 0.2766575 1.58 2 P 0
L 0.2366575 1.62 0.2766575 1.62 2 P 0
L 0.238 1.707 0.25 1.683 2 P 0
L 0.238 1.707 0.262 1.707 2 P 0
L 0.2411575 1.33 0.2411575 1.37 2 P 0
L 0.2411575 1.3803136 0.2411575 1.4203136 2 P 0
L 0.2441575 0.96 0.2641575 1 2 P 0
L 0.2441575 0.968 0.2561575 0.992 2 P 0
L 0.245 0.525 0.245 0.565 2 P 0
L 0.245 0.525 0.285 0.525 2 P 0
L 0.245 0.565 0.285 0.565 2 P 0
L 0.25 1.675 0.27 1.715 2 P 0
L 0.25 1.683 0.262 1.707 2 P 0
L 0.255 0.61 0.255 0.65 2 P 0
L 0.255 0.61 0.295 0.61 2 P 0
L 0.255 0.65 0.295 0.65 2 P 0
L 0.255 0.795 0.275 0.755 2 P 0
L 0.255 0.795 0.295 0.795 2 P 0
L 0.255 1.045 0.275 1.005 2 P 0
L 0.255 1.045 0.295 1.045 2 P 0
L 0.2598383 1.1927352 0.2798383 1.1527352 2 P 0
L 0.2598383 1.1927352 0.2998383 1.1927352 2 P 0
L 0.25992 0.36037 0.26992 0.36037 2 P 0
L 0.25992 0.36037 0.26992 0.37037 2 P 0
L 0.25992 0.38037 0.26992 0.37037 2 P 0
L 0.25992 0.38037 0.26992 0.38037 2 P 0
L 0.263 0.787 0.275 0.763 2 P 0
L 0.263 0.787 0.287 0.787 2 P 0
L 0.263 1.037 0.275 1.013 2 P 0
L 0.263 1.037 0.287 1.037 2 P 0
L 0.265 1.065 0.265 1.105 2 P 0
L 0.265 1.305 0.265 1.345 2 P 0
L 0.265 1.305 0.305 1.305 2 P 0
L 0.265 1.345 0.305 1.345 2 P 0
L 0.2678383 1.1847352 0.2798383 1.1607352 2 P 0
L 0.2678383 1.1847352 0.2918383 1.1847352 2 P 0
L 0.26792 0.36437 0.27392 0.36437 2 P 0
L 0.26792 0.36437 0.27392 0.37037 2 P 0
L 0.26792 0.37637 0.27392 0.37037 2 P 0
L 0.26792 0.37637 0.27392 0.37637 2 P 0
L 0.26992 0.36037 0.27992 0.35037 2 P 0
L 0.26992 0.38037 0.27992 0.39037 2 P 0
L 0.27 1.215 0.27 1.255 2 P 0
L 0.27392 0.36437 0.27992 0.35837 2 P 0
L 0.27392 0.37637 0.27992 0.38237 2 P 0
L 0.275 0.755 0.295 0.795 2 P 0
L 0.275 0.763 0.287 0.787 2 P 0
L 0.275 1.005 0.295 1.045 2 P 0
L 0.275 1.013 0.287 1.037 2 P 0
L 0.2766575 1.58 0.2766575 1.62 2 P 0
L 0.2798383 1.1527352 0.2998383 1.1927352 2 P 0
L 0.2798383 1.1607352 0.2918383 1.1847352 2 P 0
L 0.27992 0.35037 0.28992 0.36037 2 P 0
L 0.27992 0.35837 0.28592 0.36437 2 P 0
L 0.27992 0.38237 0.28592 0.37637 2 P 0
L 0.27992 0.39037 0.28992 0.38037 2 P 0
L 0.285 0.525 0.285 0.565 2 P 0
L 0.285 1.5 0.305 1.46 2 P 0
L 0.285 1.5 0.325 1.5 2 P 0
L 0.28592 0.36437 0.29192 0.36437 2 P 0
L 0.28592 0.37037 0.29192 0.36437 2 P 0
L 0.28592 0.37037 0.29192 0.37637 2 P 0
L 0.28592 0.37637 0.29192 0.37637 2 P 0
L 0.2879264 1.3725528 0.3079264 1.3325528 2 P 0
L 0.2879264 1.3725528 0.3279264 1.3725528 2 P 0
L 0.28992 0.36037 0.29992 0.36037 2 P 0
L 0.28992 0.37037 0.29992 0.36037 2 P 0
L 0.28992 0.37037 0.29992 0.38037 2 P 0
L 0.28992 0.38037 0.29992 0.38037 2 P 0
L 0.29 0.44 0.31 0.4 2 P 0
L 0.29 0.44 0.33 0.44 2 P 0
L 0.29 0.49 0.29 0.53 2 P 0
L 0.29 0.49 0.33 0.49 2 P 0
L 0.29 0.53 0.33 0.53 2 P 0
L 0.29 0.535 0.29 0.575 2 P 0
L 0.29 0.535 0.33 0.535 2 P 0
L 0.29 0.575 0.33 0.575 2 P 0
L 0.29 0.58 0.29 0.62 2 P 0
L 0.29 0.58 0.33 0.58 2 P 0
L 0.29 0.62 0.33 0.62 2 P 0
L 0.293 1.492 0.305 1.468 2 P 0
L 0.293 1.492 0.317 1.492 2 P 0
L 0.295 0.61 0.295 0.65 2 P 0
L 0.295 1.47 0.315 1.43 2 P 0
L 0.295 1.47 0.335 1.47 2 P 0
L 0.2959264 1.3645528 0.3079264 1.3405528 2 P 0
L 0.2959264 1.3645528 0.3199264 1.3645528 2 P 0
L 0.298 0.432 0.31 0.408 2 P 0
L 0.298 0.432 0.322 0.432 2 P 0
L 0.3 1.67 0.32 1.63 2 P 0
L 0.3 1.67 0.34 1.67 2 P 0
L 0.3003899 1.2153899 0.3003899 1.2553899 2 P 0
L 0.3003899 1.2153899 0.3403899 1.2153899 2 P 0
L 0.3003899 1.2553899 0.3403899 1.2553899 2 P 0
L 0.303 1.462 0.315 1.438 2 P 0
L 0.303 1.462 0.327 1.462 2 P 0
L 0.305 1.305 0.305 1.345 2 P 0
L 0.305 1.32 0.325 1.28 2 P 0
L 0.305 1.32 0.345 1.32 2 P 0
L 0.305 1.46 0.325 1.5 2 P 0
L 0.305 1.468 0.317 1.492 2 P 0
L 0.3079264 1.3325528 0.3279264 1.3725528 2 P 0
L 0.3079264 1.3405528 0.3199264 1.3645528 2 P 0
L 0.308 1.662 0.32 1.638 2 P 0
L 0.308 1.662 0.332 1.662 2 P 0
L 0.31 0.4 0.33 0.44 2 P 0
L 0.31 0.408 0.322 0.432 2 P 0
L 0.313 1.312 0.325 1.288 2 P 0
L 0.313 1.312 0.337 1.312 2 P 0
L 0.315 1.43 0.335 1.47 2 P 0
L 0.315 1.438 0.327 1.462 2 P 0
L 0.315 1.85 0.335 1.81 2 P 0
L 0.315 1.85 0.355 1.85 2 P 0
L 0.32 1.295 0.34 1.255 2 P 0
L 0.32 1.295 0.36 1.295 2 P 0
L 0.32 1.63 0.34 1.67 2 P 0
L 0.32 1.638 0.332 1.662 2 P 0
L 0.323 1.842 0.335 1.818 2 P 0
L 0.323 1.842 0.347 1.842 2 P 0
L 0.325 1.28 0.345 1.32 2 P 0
L 0.325 1.288 0.337 1.312 2 P 0
L 0.325 1.47 0.345 1.43 2 P 0
L 0.325 1.47 0.365 1.47 2 P 0
L 0.328 1.287 0.34 1.263 2 P 0
L 0.328 1.287 0.352 1.287 2 P 0
L 0.33 0.49 0.33 0.53 2 P 0
L 0.33 0.535 0.33 0.575 2 P 0
L 0.33 0.58 0.33 0.62 2 P 0
L 0.333 1.462 0.345 1.438 2 P 0
L 0.333 1.462 0.357 1.462 2 P 0
L 0.335 1.32 0.355 1.28 2 P 0
L 0.335 1.32 0.375 1.32 2 P 0
L 0.335 1.81 0.355 1.85 2 P 0
L 0.335 1.818 0.347 1.842 2 P 0
L 0.33551 0.4444783 0.35551 0.4044783 2 P 0
L 0.33551 0.4444783 0.37551 0.4444783 2 P 0
L 0.34 1.255 0.36 1.295 2 P 0
L 0.34 1.263 0.352 1.287 2 P 0
L 0.3403899 1.2153899 0.3403899 1.2553899 2 P 0
L 0.343 1.312 0.355 1.288 2 P 0
L 0.343 1.312 0.367 1.312 2 P 0
L 0.34351 0.4364783 0.35551 0.4124783 2 P 0
L 0.34351 0.4364783 0.36751 0.4364783 2 P 0
L 0.345 1.43 0.365 1.47 2 P 0
L 0.345 1.438 0.357 1.462 2 P 0
L 0.355 1.28 0.375 1.32 2 P 0
L 0.355 1.288 0.367 1.312 2 P 0
L 0.355 1.69 0.375 1.65 2 P 0
L 0.355 1.69 0.395 1.69 2 P 0
L 0.35551 0.4044783 0.37551 0.4444783 2 P 0
L 0.35551 0.4124783 0.36751 0.4364783 2 P 0
L 0.36 1.21 0.38 1.17 2 P 0
L 0.36 1.21 0.4 1.21 2 P 0
L 0.36 1.84 0.38 1.8 2 P 0
L 0.36 1.84 0.4 1.84 2 P 0
L 0.363 1.682 0.375 1.658 2 P 0
L 0.363 1.682 0.387 1.682 2 P 0
L 0.365 0.765 0.385 0.725 2 P 0
L 0.365 0.765 0.405 0.765 2 P 0
L 0.365 1.565 0.365 1.605 2 P 0
L 0.365 1.565 0.405 1.565 2 P 0
L 0.365 1.605 0.405 1.605 2 P 0
L 0.368 1.202 0.38 1.178 2 P 0
L 0.368 1.202 0.392 1.202 2 P 0
L 0.368 1.832 0.38 1.808 2 P 0
L 0.368 1.832 0.392 1.832 2 P 0
L 0.373 0.757 0.385 0.733 2 P 0
L 0.373 0.757 0.397 0.757 2 P 0
L 0.375 0.74 0.395 0.7 2 P 0
L 0.375 0.74 0.415 0.74 2 P 0
L 0.375 1.65 0.395 1.69 2 P 0
L 0.375 1.658 0.387 1.682 2 P 0
L 0.38 0.26 0.38 0.3 2 P 0
L 0.38 0.26 0.42 0.26 2 P 0
L 0.38 0.3 0.42 0.3 2 P 0
L 0.38 0.52 0.4 0.48 2 P 0
L 0.38 0.52 0.42 0.52 2 P 0
L 0.38 0.555 0.4 0.515 2 P 0
L 0.38 0.555 0.42 0.555 2 P 0
L 0.38 0.59 0.4 0.55 2 P 0
L 0.38 0.59 0.42 0.59 2 P 0
L 0.38 0.625 0.4 0.585 2 P 0
L 0.38 0.625 0.42 0.625 2 P 0
L 0.38 1.17 0.4 1.21 2 P 0
L 0.38 1.178 0.392 1.202 2 P 0
L 0.38 1.8 0.4 1.84 2 P 0
L 0.38 1.808 0.392 1.832 2 P 0
L 0.383 0.732 0.395 0.708 2 P 0
L 0.383 0.732 0.407 0.732 2 P 0
L 0.385 0.725 0.405 0.765 2 P 0
L 0.385 0.733 0.397 0.757 2 P 0
L 0.388 0.512 0.4 0.488 2 P 0
L 0.388 0.512 0.412 0.512 2 P 0
L 0.388 0.547 0.4 0.523 2 P 0
L 0.388 0.547 0.412 0.547 2 P 0
L 0.388 0.582 0.4 0.558 2 P 0
L 0.388 0.582 0.412 0.582 2 P 0
L 0.388 0.617 0.4 0.593 2 P 0
L 0.388 0.617 0.412 0.617 2 P 0
L 0.3898216 1.2110856 0.4098216 1.1710856 2 P 0
L 0.3898216 1.2110856 0.4298216 1.2110856 2 P 0
L 0.395 0.7 0.415 0.74 2 P 0
L 0.395 0.708 0.407 0.732 2 P 0
L 0.3978216 1.2030856 0.4098216 1.1790856 2 P 0
L 0.3978216 1.2030856 0.4218216 1.2030856 2 P 0
L 0.4 0.48 0.42 0.52 2 P 0
L 0.4 0.488 0.412 0.512 2 P 0
L 0.4 0.515 0.42 0.555 2 P 0
L 0.4 0.523 0.412 0.547 2 P 0
L 0.4 0.55 0.42 0.59 2 P 0
L 0.4 0.558 0.412 0.582 2 P 0
L 0.4 0.585 0.42 0.625 2 P 0
L 0.4 0.593 0.412 0.617 2 P 0
L 0.405 1.565 0.405 1.605 2 P 0
L 0.4098216 1.1710856 0.4298216 1.2110856 2 P 0
L 0.4098216 1.1790856 0.4218216 1.2030856 2 P 0
L 0.41 1.045 0.43 1.005 2 P 0
L 0.41 1.045 0.45 1.045 2 P 0
L 0.418 1.037 0.43 1.013 2 P 0
L 0.418 1.037 0.442 1.037 2 P 0
L 0.4199999 1.3801575 0.4399999 1.3401575 2 P 0
L 0.4199999 1.3801575 0.4599999 1.3801575 2 P 0
L 0.42 0.26 0.42 0.3 2 P 0
L 0.425 0.4797874 0.445 0.4397874 2 P 0
L 0.425 0.4797874 0.465 0.4797874 2 P 0
L 0.4279999 1.3721575 0.4399999 1.3481575 2 P 0
L 0.4279999 1.3721575 0.4519999 1.3721575 2 P 0
L 0.43 1.005 0.45 1.045 2 P 0
L 0.43 1.013 0.442 1.037 2 P 0
L 0.433 0.4717874 0.445 0.4477874 2 P 0
L 0.433 0.4717874 0.457 0.4717874 2 P 0
L 0.4399999 1.3401575 0.4599999 1.3801575 2 P 0
L 0.4399999 1.3481575 0.4519999 1.3721575 2 P 0
L 0.445 0.4397874 0.465 0.4797874 2 P 0
L 0.445 0.4477874 0.457 0.4717874 2 P 0
L 0.455 0.845 0.475 0.805 2 P 0
L 0.455 0.845 0.495 0.845 2 P 0
L 0.455 0.925 0.475 0.885 2 P 0
L 0.455 0.925 0.495 0.925 2 P 0
L 0.455 1.005 0.475 0.965 2 P 0
L 0.455 1.005 0.495 1.005 2 P 0
L 0.463 0.837 0.475 0.813 2 P 0
L 0.463 0.837 0.487 0.837 2 P 0
L 0.463 0.917 0.475 0.893 2 P 0
L 0.463 0.917 0.487 0.917 2 P 0
L 0.463 0.997 0.475 0.973 2 P 0
L 0.463 0.997 0.487 0.997 2 P 0
L 0.465 0.735 0.485 0.695 2 P 0
L 0.465 0.735 0.505 0.735 2 P 0
L 0.473 0.727 0.485 0.703 2 P 0
L 0.473 0.727 0.497 0.727 2 P 0
L 0.475 0.805 0.495 0.845 2 P 0
L 0.475 0.813 0.487 0.837 2 P 0
L 0.475 0.885 0.495 0.925 2 P 0
L 0.475 0.893 0.487 0.917 2 P 0
L 0.475 0.965 0.495 1.005 2 P 0
L 0.475 0.973 0.487 0.997 2 P 0
L 0.485 0.695 0.505 0.735 2 P 0
L 0.485 0.703 0.497 0.727 2 P 0
L 0.49 1.2 0.51 1.16 2 P 0
L 0.49 1.2 0.53 1.2 2 P 0
L 0.49 1.765 0.51 1.725 2 P 0
L 0.49 1.765 0.53 1.765 2 P 0
L 0.49 1.8 0.51 1.76 2 P 0
L 0.49 1.8 0.53 1.8 2 P 0
L 0.495 0.555 0.515 0.515 2 P 0
L 0.495 0.555 0.535 0.555 2 P 0
L 0.498 1.192 0.51 1.168 2 P 0
L 0.498 1.192 0.522 1.192 2 P 0
L 0.498 1.757 0.51 1.733 2 P 0
L 0.498 1.757 0.522 1.757 2 P 0
L 0.498 1.792 0.51 1.768 2 P 0
L 0.498 1.792 0.522 1.792 2 P 0
L 0.503 0.547 0.515 0.523 2 P 0
L 0.503 0.547 0.527 0.547 2 P 0
L 0.51 1.16 0.53 1.2 2 P 0
L 0.51 1.168 0.522 1.192 2 P 0
L 0.51 1.725 0.53 1.765 2 P 0
L 0.51 1.733 0.522 1.757 2 P 0
L 0.51 1.76 0.53 1.8 2 P 0
L 0.51 1.768 0.522 1.792 2 P 0
L 0.515 0.515 0.535 0.555 2 P 0
L 0.515 0.523 0.527 0.547 2 P 0
L 0.525 0.45 0.545 0.41 2 P 0
L 0.525 0.45 0.565 0.45 2 P 0
L 0.533 0.442 0.545 0.418 2 P 0
L 0.533 0.442 0.557 0.442 2 P 0
L 0.535 1.845 0.555 1.805 2 P 0
L 0.535 1.845 0.575 1.845 2 P 0
L 0.543 1.837 0.555 1.813 2 P 0
L 0.543 1.837 0.567 1.837 2 P 0
L 0.545 0.41 0.565 0.45 2 P 0
L 0.545 0.418 0.557 0.442 2 P 0
L 0.55 1.39 0.57 1.35 2 P 0
L 0.55 1.39 0.59 1.39 2 P 0
L 0.55 1.43 0.57 1.39 2 P 0
L 0.55 1.43 0.59 1.43 2 P 0
L 0.5533237 1.1533237 0.5533237 1.1933237 2 P 0
L 0.5533237 1.1533237 0.5933237 1.1533237 2 P 0
L 0.5533237 1.1933237 0.5933237 1.1933237 2 P 0
L 0.555 1.805 0.575 1.845 2 P 0
L 0.555 1.813 0.567 1.837 2 P 0
L 0.558 1.382 0.57 1.358 2 P 0
L 0.558 1.382 0.582 1.382 2 P 0
L 0.558 1.422 0.57 1.398 2 P 0
L 0.558 1.422 0.582 1.422 2 P 0
L 0.57 0.555 0.59 0.515 2 P 0
L 0.57 0.555 0.61 0.555 2 P 0
L 0.57 1.35 0.59 1.39 2 P 0
L 0.57 1.358 0.582 1.382 2 P 0
L 0.57 1.39 0.59 1.43 2 P 0
L 0.57 1.398 0.582 1.422 2 P 0
L 0.575 0.445 0.595 0.405 2 P 0
L 0.575 0.445 0.615 0.445 2 P 0
L 0.575 0.585 0.595 0.545 2 P 0
L 0.575 0.585 0.615 0.585 2 P 0
L 0.575 0.62 0.595 0.58 2 P 0
L 0.575 0.62 0.615 0.62 2 P 0
L 0.575 1.0861575 0.575 1.1261575 2 P 0
L 0.575 1.0861575 0.615 1.0861575 2 P 0
L 0.575 1.1261575 0.615 1.1261575 2 P 0
L 0.578 0.547 0.59 0.523 2 P 0
L 0.578 0.547 0.602 0.547 2 P 0
L 0.583 0.437 0.595 0.413 2 P 0
L 0.583 0.437 0.607 0.437 2 P 0
L 0.583 0.577 0.595 0.553 2 P 0
L 0.583 0.577 0.607 0.577 2 P 0
L 0.583 0.612 0.595 0.588 2 P 0
L 0.583 0.612 0.607 0.612 2 P 0
L 0.585 1.39 0.605 1.35 2 P 0
L 0.585 1.39 0.625 1.39 2 P 0
L 0.585 1.43 0.605 1.39 2 P 0
L 0.585 1.43 0.625 1.43 2 P 0
L 0.59 0.515 0.61 0.555 2 P 0
L 0.59 0.523 0.602 0.547 2 P 0
L 0.593 1.382 0.605 1.358 2 P 0
L 0.593 1.382 0.617 1.382 2 P 0
L 0.593 1.422 0.605 1.398 2 P 0
L 0.593 1.422 0.617 1.422 2 P 0
L 0.5933237 1.1533237 0.5933237 1.1933237 2 P 0
L 0.595 0.405 0.615 0.445 2 P 0
L 0.595 0.413 0.607 0.437 2 P 0
L 0.595 0.545 0.615 0.585 2 P 0
L 0.595 0.553 0.607 0.577 2 P 0
L 0.595 0.58 0.615 0.62 2 P 0
L 0.595 0.588 0.607 0.612 2 P 0
L 0.60008 0.36037 0.61008 0.36037 2 P 0
L 0.60008 0.36037 0.61008 0.37037 2 P 0
L 0.60008 0.38037 0.61008 0.37037 2 P 0
L 0.60008 0.38037 0.61008 0.38037 2 P 0
L 0.605 1.35 0.625 1.39 2 P 0
L 0.605 1.358 0.617 1.382 2 P 0
L 0.605 1.39 0.625 1.43 2 P 0
L 0.605 1.398 0.617 1.422 2 P 0
L 0.60808 0.36437 0.61408 0.36437 2 P 0
L 0.60808 0.36437 0.61408 0.37037 2 P 0
L 0.60808 0.37637 0.61408 0.37037 2 P 0
L 0.60808 0.37637 0.61408 0.37637 2 P 0
L 0.61008 0.36037 0.62008 0.35037 2 P 0
L 0.61008 0.38037 0.62008 0.39037 2 P 0
L 0.6112499 0.9020811 0.6312499 0.8620811 2 P 0
L 0.6112499 0.9020811 0.6512499 0.9020811 2 P 0
L 0.6134432 0.8092744 0.6334432 0.7692744 2 P 0
L 0.6134432 0.8092744 0.6534432 0.8092744 2 P 0
L 0.6134432 0.9992744 0.6334432 0.9592744 2 P 0
L 0.6134432 0.9992744 0.6534432 0.9992744 2 P 0
L 0.61408 0.36437 0.62008 0.35837 2 P 0
L 0.61408 0.37637 0.62008 0.38237 2 P 0
L 0.615 0.905 0.615 0.945 2 P 0
L 0.615 0.905 0.655 0.905 2 P 0
L 0.615 0.945 0.655 0.945 2 P 0
L 0.615 1.0861575 0.615 1.1261575 2 P 0
L 0.615 1.095 0.635 1.055 2 P 0
L 0.615 1.095 0.655 1.095 2 P 0
L 0.6192499 0.8940811 0.6312499 0.8700811 2 P 0
L 0.6192499 0.8940811 0.6432499 0.8940811 2 P 0
L 0.62 1.39 0.64 1.35 2 P 0
L 0.62 1.39 0.66 1.39 2 P 0
L 0.62 1.43 0.64 1.39 2 P 0
L 0.62 1.43 0.66 1.43 2 P 0
L 0.62008 0.35037 0.63008 0.36037 2 P 0
L 0.62008 0.35837 0.62608 0.36437 2 P 0
L 0.62008 0.38237 0.62608 0.37637 2 P 0
L 0.62008 0.39037 0.63008 0.38037 2 P 0
L 0.6214432 0.8012744 0.6334432 0.7772744 2 P 0
L 0.6214432 0.8012744 0.6454432 0.8012744 2 P 0
L 0.6214432 0.9912744 0.6334432 0.9672744 2 P 0
L 0.6214432 0.9912744 0.6454432 0.9912744 2 P 0
L 0.623 1.087 0.635 1.063 2 P 0
L 0.623 1.087 0.647 1.087 2 P 0
L 0.62608 0.36437 0.63208 0.36437 2 P 0
L 0.62608 0.37037 0.63208 0.36437 2 P 0
L 0.62608 0.37037 0.63208 0.37637 2 P 0
L 0.62608 0.37637 0.63208 0.37637 2 P 0
L 0.628 1.382 0.64 1.358 2 P 0
L 0.628 1.382 0.652 1.382 2 P 0
L 0.628 1.422 0.64 1.398 2 P 0
L 0.628 1.422 0.652 1.422 2 P 0
L 0.63 1.62 0.65 1.58 2 P 0
L 0.63 1.62 0.67 1.62 2 P 0
L 0.63008 0.36037 0.64008 0.36037 2 P 0
L 0.63008 0.37037 0.64008 0.36037 2 P 0
L 0.63008 0.37037 0.64008 0.38037 2 P 0
L 0.63008 0.38037 0.64008 0.38037 2 P 0
L 0.6312499 0.8620811 0.6512499 0.9020811 2 P 0
L 0.6312499 0.8700811 0.6432499 0.8940811 2 P 0
L 0.6324286 1.1418094 0.6324286 1.1818094 2 P 0
L 0.6324286 1.1418094 0.6724286 1.1418094 2 P 0
L 0.6324286 1.1818094 0.6724286 1.1818094 2 P 0
L 0.6334432 0.7692744 0.6534432 0.8092744 2 P 0
L 0.6334432 0.7772744 0.6454432 0.8012744 2 P 0
L 0.6334432 0.9592744 0.6534432 0.9992744 2 P 0
L 0.6334432 0.9672744 0.6454432 0.9912744 2 P 0
L 0.635 1.055 0.655 1.095 2 P 0
L 0.635 1.063 0.647 1.087 2 P 0
L 0.638 1.612 0.65 1.588 2 P 0
L 0.638 1.612 0.662 1.612 2 P 0
L 0.64 1.35 0.66 1.39 2 P 0
L 0.64 1.358 0.652 1.382 2 P 0
L 0.64 1.39 0.66 1.43 2 P 0
L 0.64 1.398 0.652 1.422 2 P 0
L 0.65 1.2273651 0.65 1.2673651 2 P 0
L 0.65 1.2273651 0.69 1.2273651 2 P 0
L 0.65 1.2673651 0.69 1.2673651 2 P 0
L 0.65 1.58 0.67 1.62 2 P 0
L 0.65 1.588 0.662 1.612 2 P 0
L 0.65 1.59 0.67 1.55 2 P 0
L 0.65 1.59 0.69 1.59 2 P 0
L 0.655 0.905 0.655 0.945 2 P 0
L 0.655 1.39 0.675 1.35 2 P 0
L 0.655 1.39 0.695 1.39 2 P 0
L 0.655 1.43 0.675 1.39 2 P 0
L 0.655 1.43 0.695 1.43 2 P 0
L 0.658 1.582 0.67 1.558 2 P 0
L 0.658 1.582 0.682 1.582 2 P 0
L 0.663 1.382 0.675 1.358 2 P 0
L 0.663 1.382 0.687 1.382 2 P 0
L 0.663 1.422 0.675 1.398 2 P 0
L 0.663 1.422 0.687 1.422 2 P 0
L 0.67 1.55 0.69 1.59 2 P 0
L 0.67 1.558 0.682 1.582 2 P 0
L 0.67 1.62 0.69 1.58 2 P 0
L 0.67 1.62 0.71 1.62 2 P 0
L 0.6724286 1.1418094 0.6724286 1.1818094 2 P 0
L 0.675 0.565 0.695 0.525 2 P 0
L 0.675 0.565 0.715 0.565 2 P 0
L 0.675 0.615 0.695 0.575 2 P 0
L 0.675 0.615 0.715 0.615 2 P 0
L 0.675 1.35 0.695 1.39 2 P 0
L 0.675 1.358 0.687 1.382 2 P 0
L 0.675 1.39 0.695 1.43 2 P 0
L 0.675 1.398 0.687 1.422 2 P 0
L 0.678 1.612 0.69 1.588 2 P 0
L 0.678 1.612 0.702 1.612 2 P 0
L 0.68 0.435 0.7 0.395 2 P 0
L 0.68 0.435 0.72 0.435 2 P 0
L 0.6806693 0.92 0.7006693 0.88 2 P 0
L 0.6806693 0.92 0.7206693 0.92 2 P 0
L 0.683 0.557 0.695 0.533 2 P 0
L 0.683 0.557 0.707 0.557 2 P 0
L 0.683 0.607 0.695 0.583 2 P 0
L 0.683 0.607 0.707 0.607 2 P 0
L 0.6834432 1.1042744 0.7034432 1.0642744 2 P 0
L 0.6834432 1.1042744 0.7234432 1.1042744 2 P 0
L 0.685 0.78 0.705 0.74 2 P 0
L 0.685 0.78 0.725 0.78 2 P 0
L 0.685 1.835 0.705 1.795 2 P 0
L 0.685 1.835 0.725 1.835 2 P 0
L 0.6856693 1.21 0.6856693 1.25 2 P 0
L 0.6856693 1.21 0.7256693 1.21 2 P 0
L 0.6856693 1.25 0.7256693 1.25 2 P 0
L 0.688 0.427 0.7 0.403 2 P 0
L 0.688 0.427 0.712 0.427 2 P 0
L 0.6886693 0.912 0.7006693 0.888 2 P 0
L 0.6886693 0.912 0.7126693 0.912 2 P 0
L 0.69 1.2273651 0.69 1.2673651 2 P 0
L 0.69 1.58 0.71 1.62 2 P 0
L 0.69 1.588 0.702 1.612 2 P 0
L 0.6914432 1.0962744 0.7034432 1.0722744 2 P 0
L 0.6914432 1.0962744 0.7154432 1.0962744 2 P 0
L 0.693 0.772 0.705 0.748 2 P 0
L 0.693 0.772 0.717 0.772 2 P 0
L 0.693 1.827 0.705 1.803 2 P 0
L 0.693 1.827 0.717 1.827 2 P 0
L 0.695 0.35 0.715 0.31 2 P 0
L 0.695 0.35 0.735 0.35 2 P 0
L 0.695 0.525 0.715 0.565 2 P 0
L 0.695 0.533 0.707 0.557 2 P 0
L 0.695 0.575 0.715 0.615 2 P 0
L 0.695 0.583 0.707 0.607 2 P 0
L 0.7 0.2233071 0.72 0.1833071 2 P 0
L 0.7 0.2233071 0.74 0.2233071 2 P 0
L 0.7 0.395 0.72 0.435 2 P 0
L 0.7 0.403 0.712 0.427 2 P 0
L 0.7006693 0.88 0.7206693 0.92 2 P 0
L 0.7006693 0.888 0.7126693 0.912 2 P 0
L 0.703 0.342 0.715 0.318 2 P 0
L 0.703 0.342 0.727 0.342 2 P 0
L 0.7034432 1.0642744 0.7234432 1.1042744 2 P 0
L 0.7034432 1.0722744 0.7154432 1.0962744 2 P 0
L 0.705 0.74 0.725 0.78 2 P 0
L 0.705 0.748 0.717 0.772 2 P 0
L 0.705 1.795 0.725 1.835 2 P 0
L 0.705 1.803 0.717 1.827 2 P 0
L 0.708 0.2153071 0.72 0.1913071 2 P 0
L 0.708 0.2153071 0.732 0.2153071 2 P 0
L 0.715 0.31 0.735 0.35 2 P 0
L 0.715 0.318 0.727 0.342 2 P 0
L 0.72 0.1833071 0.74 0.2233071 2 P 0
L 0.72 0.1913071 0.732 0.2153071 2 P 0
L 0.725 1.46 0.725 1.5 2 P 0
L 0.725 1.46 0.765 1.46 2 P 0
L 0.725 1.5 0.765 1.5 2 P 0
L 0.7256693 1.21 0.7256693 1.25 2 P 0
L 0.765 1.46 0.765 1.5 2 P 0
