#Layer_Color=9474304
#
#Feature symbol names
#
$0 r5

#
#Feature attribute names
#

#
#Layer features
#
L 0.1398386 1.8339139 0.1478386 1.8339139 0 P 0
L 0.141 1.31 0.149 1.31 0 P 0
L 0.141 1.56 0.149 1.56 0 P 0
L 0.1438386 1.8299139 0.1438386 1.8379139 0 P 0
L 0.145 1.306 0.145 1.314 0 P 0
L 0.145 1.556 0.145 1.564 0 P 0
L 0.151 1.67 0.159 1.67 0 P 0
L 0.155 1.666 0.155 1.674 0 P 0
L 0.156 0.455 0.164 0.455 0 P 0
L 0.16 0.451 0.16 0.459 0 P 0
L 0.166 0.3 0.174 0.3 0 P 0
L 0.166 0.625 0.174 0.625 0 P 0
L 0.17 0.296 0.17 0.304 0 P 0
L 0.17 0.621 0.17 0.629 0 P 0
L 0.171 0.2033071 0.179 0.2033071 0 P 0
L 0.171 1.335 0.179 1.335 0 P 0
L 0.175 0.1993071 0.175 0.2073071 0 P 0
L 0.175 1.331 0.175 1.339 0 P 0
L 0.176 1.225 0.184 1.225 0 P 0
L 0.18 1.221 0.18 1.229 0 P 0
L 0.186 1.015 0.194 1.015 0 P 0
L 0.186 1.645 0.194 1.645 0 P 0
L 0.186 1.725 0.194 1.725 0 P 0
L 0.186 1.77 0.194 1.77 0 P 0
L 0.1872709 0.9694328 0.1952709 0.9694328 0 P 0
L 0.1890221 0.9 0.1970221 0.9 0 P 0
L 0.19 1.011 0.19 1.019 0 P 0
L 0.19 1.641 0.19 1.649 0 P 0
L 0.19 1.721 0.19 1.729 0 P 0
L 0.19 1.766 0.19 1.774 0 P 0
L 0.191 0.865 0.199 0.865 0 P 0
L 0.1912709 0.9654328 0.1912709 0.9734328 0 P 0
L 0.1930221 0.896 0.1930221 0.904 0 P 0
L 0.195 0.861 0.195 0.869 0 P 0
L 0.196 0.7676999 0.204 0.7676999 0 P 0
L 0.196 0.8 0.204 0.8 0 P 0
L 0.2 0.7636999 0.2 0.7716999 0 P 0
L 0.2 0.796 0.2 0.804 0 P 0
L 0.201 0.735 0.209 0.735 0 P 0
L 0.201 1.045 0.209 1.045 0 P 0
L 0.201 1.089355 0.209 1.089355 0 P 0
L 0.205 0.731 0.205 0.739 0 P 0
L 0.205 1.041 0.205 1.049 0 P 0
L 0.205 1.085355 0.205 1.093355 0 P 0
L 0.2171575 1.35 0.2251575 1.35 0 P 0
L 0.2171575 1.4003136 0.2251575 1.4003136 0 P 0
L 0.221 0.825 0.229 0.825 0 P 0
L 0.2211575 1.346 0.2211575 1.354 0 P 0
L 0.2211575 1.3963136 0.2211575 1.4043136 0 P 0
L 0.225 0.821 0.225 0.829 0 P 0
L 0.2250221 0.9034889 0.2330221 0.9034889 0 P 0
L 0.2290221 0.8994889 0.2290221 0.9074889 0 P 0
L 0.2401575 0.98 0.2481575 0.98 0 P 0
L 0.241 1.085 0.249 1.085 0 P 0
L 0.2441575 0.976 0.2441575 0.984 0 P 0
L 0.245 1.081 0.245 1.089 0 P 0
L 0.246 1.235 0.254 1.235 0 P 0
L 0.246 1.695 0.254 1.695 0 P 0
L 0.25 1.231 0.25 1.239 0 P 0
L 0.25 1.691 0.25 1.699 0 P 0
L 0.2526575 1.6 0.2606575 1.6 0 P 0
L 0.2566575 1.596 0.2566575 1.604 0 P 0
L 0.261 0.545 0.269 0.545 0 P 0
L 0.265 0.541 0.265 0.549 0 P 0
L 0.268109 0.20699 0.291731 0.20699 0 P 0
L 0.268109 0.37037 0.291731 0.37037 0 P 0
L 0.271 0.63 0.279 0.63 0 P 0
L 0.271 0.775 0.279 0.775 0 P 0
L 0.271 1.025 0.279 1.025 0 P 0
L 0.275 0.626 0.275 0.634 0 P 0
L 0.275 0.771 0.275 0.779 0 P 0
L 0.275 1.021 0.275 1.029 0 P 0
L 0.2758383 1.1727352 0.2838383 1.1727352 0 P 0
L 0.2798383 1.1687352 0.2798383 1.1767352 0 P 0
L 0.27992 0.195179 0.27992 0.218801 0 P 0
L 0.27992 0.358559 0.27992 0.382181 0 P 0
L 0.281 1.325 0.289 1.325 0 P 0
L 0.285 1.321 0.285 1.329 0 P 0
L 0.301 1.48 0.309 1.48 0 P 0
L 0.3039264 1.3525528 0.3119264 1.3525528 0 P 0
L 0.305 1.476 0.305 1.484 0 P 0
L 0.306 0.42 0.314 0.42 0 P 0
L 0.306 0.51 0.314 0.51 0 P 0
L 0.306 0.555 0.314 0.555 0 P 0
L 0.306 0.6 0.314 0.6 0 P 0
L 0.3079264 1.3485528 0.3079264 1.3565528 0 P 0
L 0.31 0.416 0.31 0.424 0 P 0
L 0.31 0.506 0.31 0.514 0 P 0
L 0.31 0.551 0.31 0.559 0 P 0
L 0.31 0.596 0.31 0.604 0 P 0
L 0.311 1.45 0.319 1.45 0 P 0
L 0.315 1.446 0.315 1.454 0 P 0
L 0.316 1.65 0.324 1.65 0 P 0
L 0.3163899 1.2353899 0.3243899 1.2353899 0 P 0
L 0.32 1.646 0.32 1.654 0 P 0
L 0.3203899 1.2313899 0.3203899 1.2393899 0 P 0
L 0.321 1.3 0.329 1.3 0 P 0
L 0.325 1.296 0.325 1.304 0 P 0
L 0.331 1.83 0.339 1.83 0 P 0
L 0.335 1.826 0.335 1.834 0 P 0
L 0.336 1.275 0.344 1.275 0 P 0
L 0.34 1.271 0.34 1.279 0 P 0
L 0.341 1.45 0.349 1.45 0 P 0
L 0.345 1.446 0.345 1.454 0 P 0
L 0.351 1.3 0.359 1.3 0 P 0
L 0.35151 0.4244783 0.35951 0.4244783 0 P 0
L 0.355 1.296 0.355 1.304 0 P 0
L 0.35551 0.4204783 0.35551 0.4284783 0 P 0
L 0.371 1.67 0.379 1.67 0 P 0
L 0.375 1.666 0.375 1.674 0 P 0
L 0.376 1.19 0.384 1.19 0 P 0
L 0.376 1.82 0.384 1.82 0 P 0
L 0.38 1.186 0.38 1.194 0 P 0
L 0.38 1.816 0.38 1.824 0 P 0
L 0.381 0.745 0.389 0.745 0 P 0
L 0.381 1.585 0.389 1.585 0 P 0
L 0.385 0.741 0.385 0.749 0 P 0
L 0.385 1.581 0.385 1.589 0 P 0
L 0.391 0.72 0.399 0.72 0 P 0
L 0.395 0.716 0.395 0.724 0 P 0
L 0.396 0.28 0.404 0.28 0 P 0
L 0.396 0.5 0.404 0.5 0 P 0
L 0.396 0.535 0.404 0.535 0 P 0
L 0.396 0.57 0.404 0.57 0 P 0
L 0.396 0.605 0.404 0.605 0 P 0
L 0.4 0.276 0.4 0.284 0 P 0
L 0.4 0.496 0.4 0.504 0 P 0
L 0.4 0.531 0.4 0.539 0 P 0
L 0.4 0.566 0.4 0.574 0 P 0
L 0.4 0.601 0.4 0.609 0 P 0
L 0.4058216 1.1910856 0.4138216 1.1910856 0 P 0
L 0.4098216 1.1870856 0.4098216 1.1950856 0 P 0
L 0.426 1.025 0.434 1.025 0 P 0
L 0.43 1.021 0.43 1.029 0 P 0
L 0.4359999 1.3601575 0.4439999 1.3601575 0 P 0
L 0.4399999 1.3561575 0.4399999 1.3641575 0 P 0
L 0.441 0.4597874 0.449 0.4597874 0 P 0
L 0.445 0.4557874 0.445 0.4637874 0 P 0
L 0.471 0.825 0.479 0.825 0 P 0
L 0.471 0.905 0.479 0.905 0 P 0
L 0.471 0.985 0.479 0.985 0 P 0
L 0.475 0.821 0.475 0.829 0 P 0
L 0.475 0.901 0.475 0.909 0 P 0
L 0.475 0.981 0.475 0.989 0 P 0
L 0.481 0.715 0.489 0.715 0 P 0
L 0.485 0.711 0.485 0.719 0 P 0
L 0.506 1.18 0.514 1.18 0 P 0
L 0.506 1.745 0.514 1.745 0 P 0
L 0.506 1.78 0.514 1.78 0 P 0
L 0.51 1.176 0.51 1.184 0 P 0
L 0.51 1.741 0.51 1.749 0 P 0
L 0.51 1.776 0.51 1.784 0 P 0
L 0.511 0.535 0.519 0.535 0 P 0
L 0.515 0.531 0.515 0.539 0 P 0
L 0.541 0.43 0.549 0.43 0 P 0
L 0.545 0.426 0.545 0.434 0 P 0
L 0.551 1.825 0.559 1.825 0 P 0
L 0.555 1.821 0.555 1.829 0 P 0
L 0.566 1.37 0.574 1.37 0 P 0
L 0.566 1.41 0.574 1.41 0 P 0
L 0.5693237 1.1733237 0.5773237 1.1733237 0 P 0
L 0.57 1.366 0.57 1.374 0 P 0
L 0.57 1.406 0.57 1.414 0 P 0
L 0.5733237 1.1693237 0.5733237 1.1773237 0 P 0
L 0.586 0.535 0.594 0.535 0 P 0
L 0.59 0.531 0.59 0.539 0 P 0
L 0.591 0.425 0.599 0.425 0 P 0
L 0.591 0.565 0.599 0.565 0 P 0
L 0.591 0.6 0.599 0.6 0 P 0
L 0.591 1.1061575 0.599 1.1061575 0 P 0
L 0.595 0.421 0.595 0.429 0 P 0
L 0.595 0.561 0.595 0.569 0 P 0
L 0.595 0.596 0.595 0.604 0 P 0
L 0.595 1.1021575 0.595 1.1101575 0 P 0
L 0.601 1.37 0.609 1.37 0 P 0
L 0.601 1.41 0.609 1.41 0 P 0
L 0.605 1.366 0.605 1.374 0 P 0
L 0.605 1.406 0.605 1.414 0 P 0
L 0.608269 0.20699 0.631891 0.20699 0 P 0
L 0.608269 0.37037 0.631891 0.37037 0 P 0
L 0.62008 0.195179 0.62008 0.218801 0 P 0
L 0.62008 0.358559 0.62008 0.382181 0 P 0
L 0.6272499 0.8820811 0.6352499 0.8820811 0 P 0
L 0.6294432 0.7892744 0.6374432 0.7892744 0 P 0
L 0.6294432 0.9792744 0.6374432 0.9792744 0 P 0
L 0.631 0.925 0.639 0.925 0 P 0
L 0.631 1.075 0.639 1.075 0 P 0
L 0.6312499 0.8780811 0.6312499 0.8860811 0 P 0
L 0.6334432 0.7852744 0.6334432 0.7932744 0 P 0
L 0.6334432 0.9752744 0.6334432 0.9832744 0 P 0
L 0.635 0.921 0.635 0.929 0 P 0
L 0.635 1.071 0.635 1.079 0 P 0
L 0.636 1.37 0.644 1.37 0 P 0
L 0.636 1.41 0.644 1.41 0 P 0
L 0.64 1.366 0.64 1.374 0 P 0
L 0.64 1.406 0.64 1.414 0 P 0
L 0.646 1.6 0.654 1.6 0 P 0
L 0.6484286 1.1618094 0.6564286 1.1618094 0 P 0
L 0.65 1.596 0.65 1.604 0 P 0
L 0.6524286 1.1578094 0.6524286 1.1658094 0 P 0
L 0.666 1.2473651 0.674 1.2473651 0 P 0
L 0.666 1.57 0.674 1.57 0 P 0
L 0.67 1.2433651 0.67 1.2513651 0 P 0
L 0.67 1.566 0.67 1.574 0 P 0
L 0.671 1.37 0.679 1.37 0 P 0
L 0.671 1.41 0.679 1.41 0 P 0
L 0.675 1.366 0.675 1.374 0 P 0
L 0.675 1.406 0.675 1.414 0 P 0
L 0.686 1.6 0.694 1.6 0 P 0
L 0.69 1.596 0.69 1.604 0 P 0
L 0.691 0.545 0.699 0.545 0 P 0
L 0.691 0.595 0.699 0.595 0 P 0
L 0.695 0.541 0.695 0.549 0 P 0
L 0.695 0.591 0.695 0.599 0 P 0
L 0.696 0.415 0.704 0.415 0 P 0
L 0.6966693 0.9 0.7046693 0.9 0 P 0
L 0.6994432 1.0842744 0.7074432 1.0842744 0 P 0
L 0.7 0.411 0.7 0.419 0 P 0
L 0.7006693 0.896 0.7006693 0.904 0 P 0
L 0.701 0.76 0.709 0.76 0 P 0
L 0.701 1.815 0.709 1.815 0 P 0
L 0.7016693 1.23 0.7096693 1.23 0 P 0
L 0.7034432 1.0802744 0.7034432 1.0882744 0 P 0
L 0.705 0.756 0.705 0.764 0 P 0
L 0.705 1.811 0.705 1.819 0 P 0
L 0.7056693 1.226 0.7056693 1.234 0 P 0
L 0.711 0.33 0.719 0.33 0 P 0
L 0.715 0.326 0.715 0.334 0 P 0
L 0.716 0.2033071 0.724 0.2033071 0 P 0
L 0.72 0.1993071 0.72 0.2073071 0 P 0
L 0.741 1.48 0.749 1.48 0 P 0
L 0.745 1.476 0.745 1.484 0 P 0
